49
138
32
3
178
106
52
55
167
111
124
94
130
12
148
37
33
9
62
61
15
64
114
186
23
76
89
183
153
0
170
117
93
140
36
163
67
108
69
18
20
22
146
103
181
192
160
48
30
54
147
104
177
10
190
4
112
126
156
29
24
149
131
47
65
116
105
77
166
11
184
28
42
5
96
41
193
115
198
139
191
110
68
46
60
118
59
72
109
51
141
66
176
80
133
162
161
194
6
173
180
158
53
136
182
121
99
189
19
26
100
101
150
1
97
152
74
125
87
2
82
120
44
25
78
145
179
91
168
16
88
171
113
56
188
85
13
31
157
17
196
81
187
174
169
40
119
185
8
165
39
90
107
27
71
58
164
7
21
132
144
155
102
